{
 "cells": [
  {
   "cell_type": "code",
   "execution_count": 60,
   "metadata": {},
   "outputs": [],
   "source": [
    "# import libraries\n",
    "import os\n",
    "import pandas as pd\n",
    "from pandas import DataFrame\n",
    "import numpy as np\n",
    "from sklearn.preprocessing import MinMaxScaler\n",
    "#from sklearn.externals import joblib\n",
    "import seaborn as sns\n",
    "sns.set(color_codes=True)\n",
    "import matplotlib.pyplot as plt\n",
    "%matplotlib inline\n",
    "\n",
    "from numpy.random import seed\n",
    "\n",
    "#tf.logging.set_verbosity(tf.logging.ERROR)\n",
    "from keras.layers import Input, Dropout, Dense, LSTM, TimeDistributed, RepeatVector\n",
    "from keras.models import Model\n",
    "from keras import regularizers\n",
    "import tensorflow as tf\n",
    "from sklearn.metrics import accuracy_score, precision_score, recall_score\n",
    "from sklearn.metrics import confusion_matrix, precision_recall_curve, cohen_kappa_score, fbeta_score\n",
    "from sklearn.metrics import recall_score, classification_report, auc, roc_curve, log_loss\n",
    "LABELS = [\"Normal\",\"FMA\"]"
   ]
  },
  {
   "cell_type": "code",
   "execution_count": 61,
   "metadata": {},
   "outputs": [],
   "source": [
    "import time\n",
    "#start = time.time()"
   ]
  },
  {
   "cell_type": "code",
   "execution_count": 62,
   "metadata": {},
   "outputs": [],
   "source": [
    "#end = time.time()"
   ]
  },
  {
   "cell_type": "code",
   "execution_count": 63,
   "metadata": {},
   "outputs": [],
   "source": [
    "#print(\"Time to compile model: \", end='')\n",
    "#print(end - start)"
   ]
  },
  {
   "cell_type": "code",
   "execution_count": 65,
   "metadata": {},
   "outputs": [],
   "source": [
    "import joblib"
   ]
  },
  {
   "cell_type": "markdown",
   "metadata": {},
   "source": [
    "### **Cargar training y testing**"
   ]
  },
  {
   "cell_type": "code",
   "execution_count": 66,
   "metadata": {},
   "outputs": [
    {
     "output_type": "stream",
     "name": "stdout",
     "text": [
      "The shape of our train is: (13508, 13)\n"
     ]
    },
    {
     "output_type": "execute_result",
     "data": {
      "text/plain": [
       "   temp_max   temp_avg  temp_min  prec          wd   ws  atmos_pres_avg  \\\n",
       "0      13.0  11.333333      10.0   0.0  128.000000  7.2     1022.328571   \n",
       "1      14.0  11.200000      10.0   3.0  312.500000  6.2     1020.375000   \n",
       "2      15.0  11.952381       8.0   0.0  297.368421  9.2     1020.085714   \n",
       "3      16.0  11.571429       8.0   0.0  270.000000  5.1     1022.650000   \n",
       "4      16.0  13.368421      10.0   0.0  196.250000  4.1     1025.137500   \n",
       "\n",
       "   atmos_pres_min  atmos_pres_max         rh      ceil_hgt   visibility  FMA  \n",
       "0          1020.8          1023.8  82.216667   4116.666667  15383.33333    0  \n",
       "1          1018.8          1021.9  84.546667  16217.333330  12080.00000    0  \n",
       "2          1019.1          1021.9  83.685714  18158.235290  10523.80952    0  \n",
       "3          1021.6          1024.1  82.300000  22000.000000  10400.00000    0  \n",
       "4          1024.0          1027.3  77.289474  22000.000000  10915.78947    0  "
      ],
      "text/html": "<div>\n<style scoped>\n    .dataframe tbody tr th:only-of-type {\n        vertical-align: middle;\n    }\n\n    .dataframe tbody tr th {\n        vertical-align: top;\n    }\n\n    .dataframe thead th {\n        text-align: right;\n    }\n</style>\n<table border=\"1\" class=\"dataframe\">\n  <thead>\n    <tr style=\"text-align: right;\">\n      <th></th>\n      <th>temp_max</th>\n      <th>temp_avg</th>\n      <th>temp_min</th>\n      <th>prec</th>\n      <th>wd</th>\n      <th>ws</th>\n      <th>atmos_pres_avg</th>\n      <th>atmos_pres_min</th>\n      <th>atmos_pres_max</th>\n      <th>rh</th>\n      <th>ceil_hgt</th>\n      <th>visibility</th>\n      <th>FMA</th>\n    </tr>\n  </thead>\n  <tbody>\n    <tr>\n      <th>0</th>\n      <td>13.0</td>\n      <td>11.333333</td>\n      <td>10.0</td>\n      <td>0.0</td>\n      <td>128.000000</td>\n      <td>7.2</td>\n      <td>1022.328571</td>\n      <td>1020.8</td>\n      <td>1023.8</td>\n      <td>82.216667</td>\n      <td>4116.666667</td>\n      <td>15383.33333</td>\n      <td>0</td>\n    </tr>\n    <tr>\n      <th>1</th>\n      <td>14.0</td>\n      <td>11.200000</td>\n      <td>10.0</td>\n      <td>3.0</td>\n      <td>312.500000</td>\n      <td>6.2</td>\n      <td>1020.375000</td>\n      <td>1018.8</td>\n      <td>1021.9</td>\n      <td>84.546667</td>\n      <td>16217.333330</td>\n      <td>12080.00000</td>\n      <td>0</td>\n    </tr>\n    <tr>\n      <th>2</th>\n      <td>15.0</td>\n      <td>11.952381</td>\n      <td>8.0</td>\n      <td>0.0</td>\n      <td>297.368421</td>\n      <td>9.2</td>\n      <td>1020.085714</td>\n      <td>1019.1</td>\n      <td>1021.9</td>\n      <td>83.685714</td>\n      <td>18158.235290</td>\n      <td>10523.80952</td>\n      <td>0</td>\n    </tr>\n    <tr>\n      <th>3</th>\n      <td>16.0</td>\n      <td>11.571429</td>\n      <td>8.0</td>\n      <td>0.0</td>\n      <td>270.000000</td>\n      <td>5.1</td>\n      <td>1022.650000</td>\n      <td>1021.6</td>\n      <td>1024.1</td>\n      <td>82.300000</td>\n      <td>22000.000000</td>\n      <td>10400.00000</td>\n      <td>0</td>\n    </tr>\n    <tr>\n      <th>4</th>\n      <td>16.0</td>\n      <td>13.368421</td>\n      <td>10.0</td>\n      <td>0.0</td>\n      <td>196.250000</td>\n      <td>4.1</td>\n      <td>1025.137500</td>\n      <td>1024.0</td>\n      <td>1027.3</td>\n      <td>77.289474</td>\n      <td>22000.000000</td>\n      <td>10915.78947</td>\n      <td>0</td>\n    </tr>\n  </tbody>\n</table>\n</div>"
     },
     "metadata": {},
     "execution_count": 66
    }
   ],
   "source": [
    "# Cargar training y testing\n",
    "# Read in data and display first 5 rows\n",
    "test = pd.read_csv(\"Dataset_Test.csv\")\n",
    "# validation\n",
    "train = pd.read_csv(\"Dataset_Training.csv\")\n",
    "print('The shape of our train is:', train.shape)\n",
    "#test.head(5)\n",
    "train.head(5)"
   ]
  },
  {
   "cell_type": "code",
   "execution_count": 67,
   "metadata": {},
   "outputs": [],
   "source": [
    "split = 1460 # Validation\n",
    "validation = train[-split:]\n",
    "train = train[:-split]"
   ]
  },
  {
   "cell_type": "code",
   "execution_count": 68,
   "metadata": {},
   "outputs": [],
   "source": [
    "# The last element contains the labels\n",
    "# Convertir Series to DataFrame (.to_frame())\n",
    "train_fma = train.iloc[:, -1]\n",
    "validation_fma = validation.iloc[:, -1]\n",
    "test_fma = test.iloc[:, -1]\n",
    "\n",
    "# Columnas\n",
    "train_fma.columns = ['train_fma']\n",
    "validation_fma.columns = ['validation_fma']\n",
    "test_fma.columns = ['test_fma']"
   ]
  },
  {
   "cell_type": "code",
   "execution_count": 70,
   "metadata": {},
   "outputs": [
    {
     "output_type": "execute_result",
     "data": {
      "text/plain": [
       "0    0\n",
       "1    0\n",
       "2    0\n",
       "3    0\n",
       "4    0\n",
       "Name: FMA, dtype: int64"
      ]
     },
     "metadata": {},
     "execution_count": 70
    }
   ],
   "source": [
    "train_fma.shape"
   ]
  },
  {
   "cell_type": "code",
   "execution_count": 71,
   "metadata": {},
   "outputs": [
    {
     "output_type": "execute_result",
     "data": {
      "text/plain": [
       "pandas.core.series.Series"
      ]
     },
     "metadata": {},
     "execution_count": 71
    }
   ],
   "source": [
    "type(train_fma)"
   ]
  },
  {
   "cell_type": "markdown",
   "metadata": {},
   "source": [
    "https://www.tensorflow.org/guide/keras/train_and_evaluate#automatically_setting_apart_a_validation_holdout_set"
   ]
  },
  {
   "cell_type": "markdown",
   "metadata": {},
   "source": [
    "### **Correlation**"
   ]
  },
  {
   "cell_type": "code",
   "execution_count": 72,
   "metadata": {},
   "outputs": [
    {
     "output_type": "execute_result",
     "data": {
      "text/plain": [
       "                temp_max  temp_avg  temp_min      prec        wd        ws  \\\n",
       "temp_max        1.000000  0.966484  0.848427 -0.159210 -0.073356 -0.130990   \n",
       "temp_avg        0.966484  1.000000  0.926837 -0.136748 -0.065644 -0.119781   \n",
       "temp_min        0.848427  0.926837  1.000000 -0.097743  0.022454  0.001391   \n",
       "prec           -0.159210 -0.136748 -0.097743  1.000000  0.044079  0.171498   \n",
       "wd             -0.073356 -0.065644  0.022454  0.044079  1.000000  0.585838   \n",
       "ws             -0.130990 -0.119781  0.001391  0.171498  0.585838  1.000000   \n",
       "atmos_pres_avg -0.424280 -0.432443 -0.404744 -0.184338 -0.205109 -0.165851   \n",
       "atmos_pres_min -0.412254 -0.407833 -0.374556 -0.202714 -0.177743 -0.165184   \n",
       "atmos_pres_max -0.415777 -0.439769 -0.416388 -0.168214 -0.218977 -0.153477   \n",
       "rh             -0.598911 -0.584533 -0.407796  0.143424  0.339446  0.297974   \n",
       "ceil_hgt        0.329616  0.305710  0.148155 -0.089518 -0.347679 -0.313279   \n",
       "visibility      0.218104  0.177020  0.101752 -0.147923 -0.131239 -0.220747   \n",
       "FMA             0.178918  0.191701  0.166232  0.548912 -0.059569  0.050279   \n",
       "\n",
       "                atmos_pres_avg  atmos_pres_min  atmos_pres_max        rh  \\\n",
       "temp_max             -0.424280       -0.412254       -0.415777 -0.598911   \n",
       "temp_avg             -0.432443       -0.407833       -0.439769 -0.584533   \n",
       "temp_min             -0.404744       -0.374556       -0.416388 -0.407796   \n",
       "prec                 -0.184338       -0.202714       -0.168214  0.143424   \n",
       "wd                   -0.205109       -0.177743       -0.218977  0.339446   \n",
       "ws                   -0.165851       -0.165184       -0.153477  0.297974   \n",
       "atmos_pres_avg        1.000000        0.989287        0.982631  0.084061   \n",
       "atmos_pres_min        0.989287        1.000000        0.951926  0.083771   \n",
       "atmos_pres_max        0.982631        0.951926        1.000000  0.084612   \n",
       "rh                    0.084061        0.083771        0.084612  1.000000   \n",
       "ceil_hgt             -0.022277       -0.011292       -0.044934 -0.574701   \n",
       "visibility            0.089493        0.059092        0.136444 -0.401152   \n",
       "FMA                  -0.255712       -0.265680       -0.240939 -0.186702   \n",
       "\n",
       "                ceil_hgt  visibility       FMA  \n",
       "temp_max        0.329616    0.218104  0.178918  \n",
       "temp_avg        0.305710    0.177020  0.191701  \n",
       "temp_min        0.148155    0.101752  0.166232  \n",
       "prec           -0.089518   -0.147923  0.548912  \n",
       "wd             -0.347679   -0.131239 -0.059569  \n",
       "ws             -0.313279   -0.220747  0.050279  \n",
       "atmos_pres_avg -0.022277    0.089493 -0.255712  \n",
       "atmos_pres_min -0.011292    0.059092 -0.265680  \n",
       "atmos_pres_max -0.044934    0.136444 -0.240939  \n",
       "rh             -0.574701   -0.401152 -0.186702  \n",
       "ceil_hgt        1.000000    0.176823  0.067149  \n",
       "visibility      0.176823    1.000000 -0.037490  \n",
       "FMA             0.067149   -0.037490  1.000000  "
      ],
      "text/html": "<div>\n<style scoped>\n    .dataframe tbody tr th:only-of-type {\n        vertical-align: middle;\n    }\n\n    .dataframe tbody tr th {\n        vertical-align: top;\n    }\n\n    .dataframe thead th {\n        text-align: right;\n    }\n</style>\n<table border=\"1\" class=\"dataframe\">\n  <thead>\n    <tr style=\"text-align: right;\">\n      <th></th>\n      <th>temp_max</th>\n      <th>temp_avg</th>\n      <th>temp_min</th>\n      <th>prec</th>\n      <th>wd</th>\n      <th>ws</th>\n      <th>atmos_pres_avg</th>\n      <th>atmos_pres_min</th>\n      <th>atmos_pres_max</th>\n      <th>rh</th>\n      <th>ceil_hgt</th>\n      <th>visibility</th>\n      <th>FMA</th>\n    </tr>\n  </thead>\n  <tbody>\n    <tr>\n      <th>temp_max</th>\n      <td>1.000000</td>\n      <td>0.966484</td>\n      <td>0.848427</td>\n      <td>-0.159210</td>\n      <td>-0.073356</td>\n      <td>-0.130990</td>\n      <td>-0.424280</td>\n      <td>-0.412254</td>\n      <td>-0.415777</td>\n      <td>-0.598911</td>\n      <td>0.329616</td>\n      <td>0.218104</td>\n      <td>0.178918</td>\n    </tr>\n    <tr>\n      <th>temp_avg</th>\n      <td>0.966484</td>\n      <td>1.000000</td>\n      <td>0.926837</td>\n      <td>-0.136748</td>\n      <td>-0.065644</td>\n      <td>-0.119781</td>\n      <td>-0.432443</td>\n      <td>-0.407833</td>\n      <td>-0.439769</td>\n      <td>-0.584533</td>\n      <td>0.305710</td>\n      <td>0.177020</td>\n      <td>0.191701</td>\n    </tr>\n    <tr>\n      <th>temp_min</th>\n      <td>0.848427</td>\n      <td>0.926837</td>\n      <td>1.000000</td>\n      <td>-0.097743</td>\n      <td>0.022454</td>\n      <td>0.001391</td>\n      <td>-0.404744</td>\n      <td>-0.374556</td>\n      <td>-0.416388</td>\n      <td>-0.407796</td>\n      <td>0.148155</td>\n      <td>0.101752</td>\n      <td>0.166232</td>\n    </tr>\n    <tr>\n      <th>prec</th>\n      <td>-0.159210</td>\n      <td>-0.136748</td>\n      <td>-0.097743</td>\n      <td>1.000000</td>\n      <td>0.044079</td>\n      <td>0.171498</td>\n      <td>-0.184338</td>\n      <td>-0.202714</td>\n      <td>-0.168214</td>\n      <td>0.143424</td>\n      <td>-0.089518</td>\n      <td>-0.147923</td>\n      <td>0.548912</td>\n    </tr>\n    <tr>\n      <th>wd</th>\n      <td>-0.073356</td>\n      <td>-0.065644</td>\n      <td>0.022454</td>\n      <td>0.044079</td>\n      <td>1.000000</td>\n      <td>0.585838</td>\n      <td>-0.205109</td>\n      <td>-0.177743</td>\n      <td>-0.218977</td>\n      <td>0.339446</td>\n      <td>-0.347679</td>\n      <td>-0.131239</td>\n      <td>-0.059569</td>\n    </tr>\n    <tr>\n      <th>ws</th>\n      <td>-0.130990</td>\n      <td>-0.119781</td>\n      <td>0.001391</td>\n      <td>0.171498</td>\n      <td>0.585838</td>\n      <td>1.000000</td>\n      <td>-0.165851</td>\n      <td>-0.165184</td>\n      <td>-0.153477</td>\n      <td>0.297974</td>\n      <td>-0.313279</td>\n      <td>-0.220747</td>\n      <td>0.050279</td>\n    </tr>\n    <tr>\n      <th>atmos_pres_avg</th>\n      <td>-0.424280</td>\n      <td>-0.432443</td>\n      <td>-0.404744</td>\n      <td>-0.184338</td>\n      <td>-0.205109</td>\n      <td>-0.165851</td>\n      <td>1.000000</td>\n      <td>0.989287</td>\n      <td>0.982631</td>\n      <td>0.084061</td>\n      <td>-0.022277</td>\n      <td>0.089493</td>\n      <td>-0.255712</td>\n    </tr>\n    <tr>\n      <th>atmos_pres_min</th>\n      <td>-0.412254</td>\n      <td>-0.407833</td>\n      <td>-0.374556</td>\n      <td>-0.202714</td>\n      <td>-0.177743</td>\n      <td>-0.165184</td>\n      <td>0.989287</td>\n      <td>1.000000</td>\n      <td>0.951926</td>\n      <td>0.083771</td>\n      <td>-0.011292</td>\n      <td>0.059092</td>\n      <td>-0.265680</td>\n    </tr>\n    <tr>\n      <th>atmos_pres_max</th>\n      <td>-0.415777</td>\n      <td>-0.439769</td>\n      <td>-0.416388</td>\n      <td>-0.168214</td>\n      <td>-0.218977</td>\n      <td>-0.153477</td>\n      <td>0.982631</td>\n      <td>0.951926</td>\n      <td>1.000000</td>\n      <td>0.084612</td>\n      <td>-0.044934</td>\n      <td>0.136444</td>\n      <td>-0.240939</td>\n    </tr>\n    <tr>\n      <th>rh</th>\n      <td>-0.598911</td>\n      <td>-0.584533</td>\n      <td>-0.407796</td>\n      <td>0.143424</td>\n      <td>0.339446</td>\n      <td>0.297974</td>\n      <td>0.084061</td>\n      <td>0.083771</td>\n      <td>0.084612</td>\n      <td>1.000000</td>\n      <td>-0.574701</td>\n      <td>-0.401152</td>\n      <td>-0.186702</td>\n    </tr>\n    <tr>\n      <th>ceil_hgt</th>\n      <td>0.329616</td>\n      <td>0.305710</td>\n      <td>0.148155</td>\n      <td>-0.089518</td>\n      <td>-0.347679</td>\n      <td>-0.313279</td>\n      <td>-0.022277</td>\n      <td>-0.011292</td>\n      <td>-0.044934</td>\n      <td>-0.574701</td>\n      <td>1.000000</td>\n      <td>0.176823</td>\n      <td>0.067149</td>\n    </tr>\n    <tr>\n      <th>visibility</th>\n      <td>0.218104</td>\n      <td>0.177020</td>\n      <td>0.101752</td>\n      <td>-0.147923</td>\n      <td>-0.131239</td>\n      <td>-0.220747</td>\n      <td>0.089493</td>\n      <td>0.059092</td>\n      <td>0.136444</td>\n      <td>-0.401152</td>\n      <td>0.176823</td>\n      <td>1.000000</td>\n      <td>-0.037490</td>\n    </tr>\n    <tr>\n      <th>FMA</th>\n      <td>0.178918</td>\n      <td>0.191701</td>\n      <td>0.166232</td>\n      <td>0.548912</td>\n      <td>-0.059569</td>\n      <td>0.050279</td>\n      <td>-0.255712</td>\n      <td>-0.265680</td>\n      <td>-0.240939</td>\n      <td>-0.186702</td>\n      <td>0.067149</td>\n      <td>-0.037490</td>\n      <td>1.000000</td>\n    </tr>\n  </tbody>\n</table>\n</div>"
     },
     "metadata": {},
     "execution_count": 72
    }
   ],
   "source": [
    "test.corr()"
   ]
  },
  {
   "cell_type": "code",
   "execution_count": 73,
   "metadata": {},
   "outputs": [
    {
     "output_type": "execute_result",
     "data": {
      "text/plain": [
       "                temp_max  temp_avg  temp_min      prec        wd        ws  \\\n",
       "temp_max        1.000000  0.967983  0.836402 -0.163948  0.007857 -0.098095   \n",
       "temp_avg        0.967983  1.000000  0.913765 -0.152308 -0.005849 -0.091864   \n",
       "temp_min        0.836402  0.913765  1.000000 -0.113428  0.023558 -0.013548   \n",
       "prec           -0.163948 -0.152308 -0.113428  1.000000  0.043542  0.118050   \n",
       "wd              0.007857 -0.005849  0.023558  0.043542  1.000000  0.401938   \n",
       "ws             -0.098095 -0.091864 -0.013548  0.118050  0.401938  1.000000   \n",
       "atmos_pres_avg -0.282529 -0.287509 -0.256721 -0.104669 -0.187118 -0.154113   \n",
       "atmos_pres_min -0.250563 -0.250416 -0.217456 -0.117185 -0.157188 -0.158659   \n",
       "atmos_pres_max -0.300632 -0.310994 -0.282916 -0.088026 -0.203705 -0.140079   \n",
       "rh             -0.642404 -0.634377 -0.487860  0.149083  0.268295  0.169670   \n",
       "ceil_hgt        0.464038  0.406486  0.215225 -0.157606 -0.212751 -0.227692   \n",
       "visibility      0.018862 -0.007203 -0.090825 -0.118544 -0.046980 -0.204420   \n",
       "FMA            -0.030577 -0.013302  0.017220  0.491282  0.014710  0.183870   \n",
       "\n",
       "                atmos_pres_avg  atmos_pres_min  atmos_pres_max        rh  \\\n",
       "temp_max             -0.282529       -0.250563       -0.300632 -0.642404   \n",
       "temp_avg             -0.287509       -0.250416       -0.310994 -0.634377   \n",
       "temp_min             -0.256721       -0.217456       -0.282916 -0.487860   \n",
       "prec                 -0.104669       -0.117185       -0.088026  0.149083   \n",
       "wd                   -0.187118       -0.157188       -0.203705  0.268295   \n",
       "ws                   -0.154113       -0.158659       -0.140079  0.169670   \n",
       "atmos_pres_avg        1.000000        0.973289        0.981648  0.036510   \n",
       "atmos_pres_min        0.973289        1.000000        0.921940  0.033917   \n",
       "atmos_pres_max        0.981648        0.921940        1.000000  0.039271   \n",
       "rh                    0.036510        0.033917        0.039271  1.000000   \n",
       "ceil_hgt             -0.002517        0.007457       -0.017329 -0.486370   \n",
       "visibility            0.155337        0.148326        0.153202 -0.233402   \n",
       "FMA                  -0.221394       -0.236685       -0.195605  0.021847   \n",
       "\n",
       "                ceil_hgt  visibility       FMA  \n",
       "temp_max        0.464038    0.018862 -0.030577  \n",
       "temp_avg        0.406486   -0.007203 -0.013302  \n",
       "temp_min        0.215225   -0.090825  0.017220  \n",
       "prec           -0.157606   -0.118544  0.491282  \n",
       "wd             -0.212751   -0.046980  0.014710  \n",
       "ws             -0.227692   -0.204420  0.183870  \n",
       "atmos_pres_avg -0.002517    0.155337 -0.221394  \n",
       "atmos_pres_min  0.007457    0.148326 -0.236685  \n",
       "atmos_pres_max -0.017329    0.153202 -0.195605  \n",
       "rh             -0.486370   -0.233402  0.021847  \n",
       "ceil_hgt        1.000000    0.307241 -0.147889  \n",
       "visibility      0.307241    1.000000 -0.161081  \n",
       "FMA            -0.147889   -0.161081  1.000000  "
      ],
      "text/html": "<div>\n<style scoped>\n    .dataframe tbody tr th:only-of-type {\n        vertical-align: middle;\n    }\n\n    .dataframe tbody tr th {\n        vertical-align: top;\n    }\n\n    .dataframe thead th {\n        text-align: right;\n    }\n</style>\n<table border=\"1\" class=\"dataframe\">\n  <thead>\n    <tr style=\"text-align: right;\">\n      <th></th>\n      <th>temp_max</th>\n      <th>temp_avg</th>\n      <th>temp_min</th>\n      <th>prec</th>\n      <th>wd</th>\n      <th>ws</th>\n      <th>atmos_pres_avg</th>\n      <th>atmos_pres_min</th>\n      <th>atmos_pres_max</th>\n      <th>rh</th>\n      <th>ceil_hgt</th>\n      <th>visibility</th>\n      <th>FMA</th>\n    </tr>\n  </thead>\n  <tbody>\n    <tr>\n      <th>temp_max</th>\n      <td>1.000000</td>\n      <td>0.967983</td>\n      <td>0.836402</td>\n      <td>-0.163948</td>\n      <td>0.007857</td>\n      <td>-0.098095</td>\n      <td>-0.282529</td>\n      <td>-0.250563</td>\n      <td>-0.300632</td>\n      <td>-0.642404</td>\n      <td>0.464038</td>\n      <td>0.018862</td>\n      <td>-0.030577</td>\n    </tr>\n    <tr>\n      <th>temp_avg</th>\n      <td>0.967983</td>\n      <td>1.000000</td>\n      <td>0.913765</td>\n      <td>-0.152308</td>\n      <td>-0.005849</td>\n      <td>-0.091864</td>\n      <td>-0.287509</td>\n      <td>-0.250416</td>\n      <td>-0.310994</td>\n      <td>-0.634377</td>\n      <td>0.406486</td>\n      <td>-0.007203</td>\n      <td>-0.013302</td>\n    </tr>\n    <tr>\n      <th>temp_min</th>\n      <td>0.836402</td>\n      <td>0.913765</td>\n      <td>1.000000</td>\n      <td>-0.113428</td>\n      <td>0.023558</td>\n      <td>-0.013548</td>\n      <td>-0.256721</td>\n      <td>-0.217456</td>\n      <td>-0.282916</td>\n      <td>-0.487860</td>\n      <td>0.215225</td>\n      <td>-0.090825</td>\n      <td>0.017220</td>\n    </tr>\n    <tr>\n      <th>prec</th>\n      <td>-0.163948</td>\n      <td>-0.152308</td>\n      <td>-0.113428</td>\n      <td>1.000000</td>\n      <td>0.043542</td>\n      <td>0.118050</td>\n      <td>-0.104669</td>\n      <td>-0.117185</td>\n      <td>-0.088026</td>\n      <td>0.149083</td>\n      <td>-0.157606</td>\n      <td>-0.118544</td>\n      <td>0.491282</td>\n    </tr>\n    <tr>\n      <th>wd</th>\n      <td>0.007857</td>\n      <td>-0.005849</td>\n      <td>0.023558</td>\n      <td>0.043542</td>\n      <td>1.000000</td>\n      <td>0.401938</td>\n      <td>-0.187118</td>\n      <td>-0.157188</td>\n      <td>-0.203705</td>\n      <td>0.268295</td>\n      <td>-0.212751</td>\n      <td>-0.046980</td>\n      <td>0.014710</td>\n    </tr>\n    <tr>\n      <th>ws</th>\n      <td>-0.098095</td>\n      <td>-0.091864</td>\n      <td>-0.013548</td>\n      <td>0.118050</td>\n      <td>0.401938</td>\n      <td>1.000000</td>\n      <td>-0.154113</td>\n      <td>-0.158659</td>\n      <td>-0.140079</td>\n      <td>0.169670</td>\n      <td>-0.227692</td>\n      <td>-0.204420</td>\n      <td>0.183870</td>\n    </tr>\n    <tr>\n      <th>atmos_pres_avg</th>\n      <td>-0.282529</td>\n      <td>-0.287509</td>\n      <td>-0.256721</td>\n      <td>-0.104669</td>\n      <td>-0.187118</td>\n      <td>-0.154113</td>\n      <td>1.000000</td>\n      <td>0.973289</td>\n      <td>0.981648</td>\n      <td>0.036510</td>\n      <td>-0.002517</td>\n      <td>0.155337</td>\n      <td>-0.221394</td>\n    </tr>\n    <tr>\n      <th>atmos_pres_min</th>\n      <td>-0.250563</td>\n      <td>-0.250416</td>\n      <td>-0.217456</td>\n      <td>-0.117185</td>\n      <td>-0.157188</td>\n      <td>-0.158659</td>\n      <td>0.973289</td>\n      <td>1.000000</td>\n      <td>0.921940</td>\n      <td>0.033917</td>\n      <td>0.007457</td>\n      <td>0.148326</td>\n      <td>-0.236685</td>\n    </tr>\n    <tr>\n      <th>atmos_pres_max</th>\n      <td>-0.300632</td>\n      <td>-0.310994</td>\n      <td>-0.282916</td>\n      <td>-0.088026</td>\n      <td>-0.203705</td>\n      <td>-0.140079</td>\n      <td>0.981648</td>\n      <td>0.921940</td>\n      <td>1.000000</td>\n      <td>0.039271</td>\n      <td>-0.017329</td>\n      <td>0.153202</td>\n      <td>-0.195605</td>\n    </tr>\n    <tr>\n      <th>rh</th>\n      <td>-0.642404</td>\n      <td>-0.634377</td>\n      <td>-0.487860</td>\n      <td>0.149083</td>\n      <td>0.268295</td>\n      <td>0.169670</td>\n      <td>0.036510</td>\n      <td>0.033917</td>\n      <td>0.039271</td>\n      <td>1.000000</td>\n      <td>-0.486370</td>\n      <td>-0.233402</td>\n      <td>0.021847</td>\n    </tr>\n    <tr>\n      <th>ceil_hgt</th>\n      <td>0.464038</td>\n      <td>0.406486</td>\n      <td>0.215225</td>\n      <td>-0.157606</td>\n      <td>-0.212751</td>\n      <td>-0.227692</td>\n      <td>-0.002517</td>\n      <td>0.007457</td>\n      <td>-0.017329</td>\n      <td>-0.486370</td>\n      <td>1.000000</td>\n      <td>0.307241</td>\n      <td>-0.147889</td>\n    </tr>\n    <tr>\n      <th>visibility</th>\n      <td>0.018862</td>\n      <td>-0.007203</td>\n      <td>-0.090825</td>\n      <td>-0.118544</td>\n      <td>-0.046980</td>\n      <td>-0.204420</td>\n      <td>0.155337</td>\n      <td>0.148326</td>\n      <td>0.153202</td>\n      <td>-0.233402</td>\n      <td>0.307241</td>\n      <td>1.000000</td>\n      <td>-0.161081</td>\n    </tr>\n    <tr>\n      <th>FMA</th>\n      <td>-0.030577</td>\n      <td>-0.013302</td>\n      <td>0.017220</td>\n      <td>0.491282</td>\n      <td>0.014710</td>\n      <td>0.183870</td>\n      <td>-0.221394</td>\n      <td>-0.236685</td>\n      <td>-0.195605</td>\n      <td>0.021847</td>\n      <td>-0.147889</td>\n      <td>-0.161081</td>\n      <td>1.000000</td>\n    </tr>\n  </tbody>\n</table>\n</div>"
     },
     "metadata": {},
     "execution_count": 73
    }
   ],
   "source": [
    "train.corr()"
   ]
  },
  {
   "cell_type": "code",
   "execution_count": 74,
   "metadata": {},
   "outputs": [
    {
     "output_type": "display_data",
     "data": {
      "text/plain": "<Figure size 288x288 with 1 Axes>",
